
-------------------------
UNSOLVED SUDOKU GAMEBOARD
-------------------------
| 0 6 0 | 3 0 2 | 0 0 1 |
| 3 0 0 | 0 0 0 | 0 6 8 |
| 7 0 1 | 5 0 0 | 9 0 0 |
- - - - - - - - - - - - - 
| 0 8 0 | 9 0 3 | 7 0 0 |
| 9 0 0 | 0 2 0 | 0 0 0 |
| 6 0 7 | 0 0 1 | 2 5 0 |
- - - - - - - - - - - - - 
| 1 0 9 | 0 0 6 | 0 0 0 |
| 0 5 0 | 7 4 0 | 0 3 0 |
| 0 2 0 | 0 0 5 | 0 0 0 |

-------------------------
 SOLVED SUDOKU GAMEBOARD
-------------------------
| 5 6 8 | 3 9 2 | 4 7 1 |
| 3 9 2 | 1 7 4 | 5 6 8 |
| 7 4 1 | 5 6 8 | 9 2 3 |
- - - - - - - - - - - - - 
| 2 8 4 | 9 5 3 | 7 1 6 |
| 9 1 5 | 6 2 7 | 3 8 4 |
| 6 3 7 | 4 8 1 | 2 5 9 |
- - - - - - - - - - - - - 
| 1 7 9 | 2 3 6 | 8 4 5 |
| 8 5 6 | 7 4 9 | 1 3 2 |
| 4 2 3 | 8 1 5 | 6 9 7 |
